images/tiles1.png

1

64
0 0 32 32
32 0 32 32
64 0 32 32
96 0 32 32
128 0 32 32
160 0 32 32
192 0 32 32
224 0 32 32
0 32 32 32
32 32 32 32
64 32 32 32
96 32 32 32
128 32 32 32
160 32 32 32
192 32 32 32
224 32 32 32
0 64 32 32
32 64 32 32
64 64 32 32
96 64 32 32
128 64 32 32
160 64 32 32
192 64 32 32
224 64 32 32
0 96 32 32
32 96 32 32
64 96 32 32
96 96 32 32
128 96 32 32
160 96 32 32
192 96 32 32
224 96 32 32
0 128 32 32
32 128 32 32
64 128 32 32
96 128 32 32
128 128 32 32
160 128 32 32
192 128 32 32
224 128 32 32
0 160 32 32
32 160 32 32
64 160 32 32
96 160 32 32
128 160 32 32
160 160 32 32
192 160 32 32
224 160 32 32
0 192 32 32
32 192 32 32
64 192 32 32
96 192 32 32
128 192 32 32
160 192 32 32
192 192 32 32
224 192 32 32
0 224 32 32
32 224 32 32
64 224 32 32
96 224 32 32
128 224 32 32
160 224 32 32
192 224 32 32
224 224 32 32
