0
-1400 -500 1600 150 300
0 0 -1
255 255 255
0 0 n n

0
-200 -500 2800 150 300
0 0 -1
255 255 255
0 0 n n

0
-700 -500 1600 150 300
0 0 -1
255 255 255
0 0 n n

0
-1500 -500 550 150 300
0 0 -1
255 255 255
0 0 n n

0
-1000 -500 550 150 300
0 0 -1
255 255 255
0 0 n n

0
-500 -500 550 150 300
0 0 -1
255 255 255
0 0 n n

0
0 -500 550 150 300
0 0 -1
255 255 255
0 0 n n

0
500 -500 550 150 300
0 0 -1
255 255 255
0 0 n n

0
1000 -500 550 150 300
0 0 -1
255 255 255
0 0 n n

0
1500 -500 550 150 300
0 0 -1
255 255 255
0 0 n n

0
1680 -500 1300 150 300
0 0 -1
255 255 255
0 0 n n

0
400 -500 4200 150 300
0 0 -1
255 255 255
0 0 n n

0
1000 -500 4200 150 300
0 0 -1
255 255 255
0 0 n n