9

4
-450 -500 1600
150 300 100
255 255 255
0 0 0 4 4 1 1

5
-1100 -500 1600
80 160 80
255 255 255
0 0 0 3 3 2 2

6
-1800 -500 1600
200 160 100
255 255 255
0 0 0 3 3 1 2


6
-300 -500 2000
200 160 100
255 255 255
0 0 0 3 3 1 2

5
100 -500 2800
80 160 80
255 255 255
0 0 0 3 3 2 2

4
-250 -500 3500
150 300 100
255 255 255
0 0 0 4 4 1 1


5
1400 -500 2000
120 240 120
255 255 255
0 0 0 3 3 2 2

6
700 -500 4200
200 160 100
255 255 255
0 0 0 3 3 1 2

4
1400 -500 3500
150 300 100
255 255 255
0 0 0 4 4 1 1
