12

4
-450 -500 1600
300 600 200
255 255 255
0 0 0 4 4 1 1

5
-1100 -500 1600
160 320 160
255 255 255
0 0 0 3 3 2 2

6
-1800 -500 1600
400 320 200
255 255 255
0 0 0 3 3 1 2


6
-500 -500 2200
400 320 200
255 255 255
0 0 0 3 3 1 2

5
300 -500 2800
160 320 160
255 255 255
0 0 0 3 3 2 2

4
-400 -500 3500
300 600 200
255 255 255
0 0 0 4 4 1 1


5
1300 -500 2000
240 480 240
255 255 255
0 0 0 3 3 2 2

6
600 -500 4200
400 320 200
255 255 255
0 0 0 3 3 1 2

4
1300 -500 3500
300 600 200
255 255 255
0 0 0 4 4 1 1

4
450 -500 16000
300 600 200
255 255 255
0 0 0 4 4 1 1

5
-1100 -500 25000
160 320 160
255 255 255
0 0 0 3 3 2 2

6
-800 -500 35000
400 320 200
255 255 255
0 0 0 3 3 1 2
